tAgarrePastilla
p = (-541,792 750,000 504,354)
x = (0,000 -1,000 0,000)
y = (-0,940 0,000 0,342)
z = (-0,342 0,000 -0,940)

tAcercamientoPastilla
p = (-507,590 750,000 598,323)
x = (0,000 -1,000 0,000)
y = (-0,940 0,000 0,342)
z = (-0,342 -0,000 -0,940)

tColocacionTapa
p = (-455,000 750,000 477,603)
x = (0,000 -1,000 0,000)
y = (-1,000 0,000 0,000)
z = (0,000 0,000 -1,000)

tIntermedio1
p = (-239,901 519,583 542,846)
x = (0,000 -1,000 0,000)
y = (-0,940 0,000 0,342)
z = (-0,342 -0,000 -0,940)

tIntermedio2
p = (260,526 408,133 212,831)
x = (0,000 -1,000 0,000)
y = (-0,940 0,000 0,342)
z = (-0,342 -0,000 -0,940)

tAgarreTapaMaquina
p = (500,000 595,000 115,000)
x = (1,000 0,000 0,000)
y = (0,000 0,000 -1,000)
z = (0,000 1,000 0,000)

tAcercamientoMaquina
p = (500,000 495,000 115,000)
x = (1,000 0,000 0,000)
y = (0,000 0,000 -1,000)
z = (0,000 1,000 0,000)

tLiberacionTapaMaquina
p = (721,847 546,464 10,000)
x = (1  0 0)
y = (0 -1 0)
z = (0 0 -1)
