solid 
	facet normal 0.0000000e+00 0.0000000e+00 1.0000000e+00
		outer loop
			vertex 1.5177670e+01 1.7677670e+01 -8.1999998e+00
			vertex 1.9987368e+01 1.8634378e+01 -8.1999998e+00
			vertex 1.9445436e+01 1.9445436e+01 -8.1999998e+00
		endloop 
	endfacet 
	facet normal 0.0000000e+00 0.0000000e+00 1.0000000e+00
		outer loop
			vertex 1.8634378e+01 1.5367970e+01 -8.1999998e+00
			vertex 1.9445436e+01 1.5909903e+01 -8.1999998e+00
			vertex 1.9987368e+01 1.6720961e+01 -8.1999998e+00
		endloop 
	endfacet 
	facet normal 0.0000000e+00 0.0000000e+00 1.0000000e+00
		outer loop
			vertex 2.0177670e+01 1.7677670e+01 -8.1999998e+00
			vertex 1.6720961e+01 1.5367970e+01 -8.1999998e+00
			vertex 1.7677670e+01 1.5177670e+01 -8.1999998e+00
		endloop 
	endfacet 
	facet normal 0.0000000e+00 0.0000000e+00 1.0000000e+00
		outer loop
			vertex 2.0177670e+01 1.7677670e+01 -8.1999998e+00
			vertex 1.5367970e+01 1.6720961e+01 -8.1999998e+00
			vertex 1.5909903e+01 1.5909903e+01 -8.1999998e+00
		endloop 
	endfacet 
	facet normal 0.0000000e+00 0.0000000e+00 1.0000000e+00
		outer loop
			vertex 1.7677670e+01 2.0177670e+01 -8.1999998e+00
			vertex 1.5909903e+01 1.9445436e+01 -8.1999998e+00
			vertex 1.5367970e+01 1.8634378e+01 -8.1999998e+00
		endloop 
	endfacet 
	facet normal 0.0000000e+00 0.0000000e+00 1.0000000e+00
		outer loop
			vertex 1.5177670e+01 1.7677670e+01 -8.1999998e+00
			vertex 2.0177670e+01 1.7677670e+01 -8.1999998e+00
			vertex 1.9987368e+01 1.8634378e+01 -8.1999998e+00
		endloop 
	endfacet 
	facet normal 0.0000000e+00 0.0000000e+00 1.0000000e+00
		outer loop
			vertex 1.7677670e+01 1.5177670e+01 -8.1999998e+00
			vertex 1.8634378e+01 1.5367970e+01 -8.1999998e+00
			vertex 2.0177670e+01 1.7677670e+01 -8.1999998e+00
		endloop 
	endfacet 
	facet normal 0.0000000e+00 0.0000000e+00 1.0000000e+00
		outer loop
			vertex 2.0177670e+01 1.7677670e+01 -8.1999998e+00
			vertex 1.5177670e+01 1.7677670e+01 -8.1999998e+00
			vertex 1.5367970e+01 1.6720961e+01 -8.1999998e+00
		endloop 
	endfacet 
	facet normal 0.0000000e+00 0.0000000e+00 1.0000000e+00
		outer loop
			vertex 1.7677670e+01 2.0177670e+01 -8.1999998e+00
			vertex 1.6720961e+01 1.9987368e+01 -8.1999998e+00
			vertex 1.5909903e+01 1.9445436e+01 -8.1999998e+00
		endloop 
	endfacet 
	facet normal 0.0000000e+00 0.0000000e+00 1.0000000e+00
		outer loop
			vertex 1.9445436e+01 1.9445436e+01 -8.1999998e+00
			vertex 1.8634378e+01 1.9987368e+01 -8.1999998e+00
			vertex 1.5177670e+01 1.7677670e+01 -8.1999998e+00
		endloop 
	endfacet 
	facet normal -0.0000000e+00 0.0000000e+00 1.0000000e+00
		outer loop
			vertex 1.5909903e+01 1.5909903e+01 -8.1999998e+00
			vertex 1.6720961e+01 1.5367970e+01 -8.1999998e+00
			vertex 2.0177670e+01 1.7677670e+01 -8.1999998e+00
		endloop 
	endfacet 
	facet normal 0.0000000e+00 0.0000000e+00 1.0000000e+00
		outer loop
			vertex 1.8634378e+01 1.9987368e+01 -8.1999998e+00
			vertex 1.7677670e+01 2.0177670e+01 -8.1999998e+00
			vertex 1.5177670e+01 1.7677670e+01 -8.1999998e+00
		endloop 
	endfacet 
	facet normal -0.0000000e+00 0.0000000e+00 1.0000000e+00
		outer loop
			vertex 1.5367970e+01 1.8634378e+01 -8.1999998e+00
			vertex 1.5177670e+01 1.7677670e+01 -8.1999998e+00
			vertex 1.7677670e+01 2.0177670e+01 -8.1999998e+00
		endloop 
	endfacet 
	facet normal 0.0000000e+00 -0.0000000e+00 1.0000000e+00
		outer loop
			vertex 1.9987368e+01 1.6720961e+01 -8.1999998e+00
			vertex 2.0177670e+01 1.7677670e+01 -8.1999998e+00
			vertex 1.8634378e+01 1.5367970e+01 -8.1999998e+00
		endloop 
	endfacet 
	facet normal 9.8076510e-01 -1.9508600e-01 6.4262161e-03
		outer loop
			vertex 1.5177670e+01 1.7677670e+01 -8.1999998e+00
			vertex 1.5367970e+01 1.8634378e+01 -8.1999998e+00
			vertex 1.5225706e+01 1.8165396e+01 -7.2500002e-01
		endloop 
	endfacet 
	facet normal 9.5694029e-01 -2.9028472e-01 0.0000000e+00
		outer loop
			vertex 1.5367970e+01 1.8634378e+01 -8.1999998e+00
			vertex 1.5367970e+01 1.8634378e+01 -7.2500002e-01
			vertex 1.5225706e+01 1.8165396e+01 -7.2500002e-01
		endloop 
	endfacet 
	facet normal 7.7301019e-01 -6.3439363e-01 0.0000000e+00
		outer loop
			vertex 1.5909903e+01 1.9445436e+01 -8.1999998e+00
			vertex 1.5909903e+01 1.9445436e+01 -7.2500002e-01
			vertex 1.5598995e+01 1.9066595e+01 -7.2500002e-01
		endloop 
	endfacet 
	facet normal 8.3145219e-01 -5.5555904e-01 6.4261998e-03
		outer loop
			vertex 1.5598995e+01 1.9066595e+01 -7.2500002e-01
			vertex 1.5367970e+01 1.8634378e+01 -8.1999998e+00
			vertex 1.5909903e+01 1.9445436e+01 -8.1999998e+00
		endloop 
	endfacet 
	facet normal 4.7139543e-01 -8.8192195e-01 0.0000000e+00
		outer loop
			vertex 1.6720961e+01 1.9987368e+01 -8.1999998e+00
			vertex 1.6720961e+01 1.9987368e+01 -7.2500002e-01
			vertex 1.6288744e+01 1.9756344e+01 -7.2500002e-01
		endloop 
	endfacet 
	facet normal 5.5555838e-01 -8.3145267e-01 6.4262534e-03
		outer loop
			vertex 1.6288744e+01 1.9756344e+01 -7.2500002e-01
			vertex 1.5909903e+01 1.9445436e+01 -8.1999998e+00
			vertex 1.6720961e+01 1.9987368e+01 -8.1999998e+00
		endloop 
	endfacet 
	facet normal 1.9508694e-01 -9.8076487e-01 6.4262785e-03
		outer loop
			vertex 1.6720961e+01 1.9987368e+01 -8.1999998e+00
			vertex 1.7677670e+01 2.0177670e+01 -8.1999998e+00
			vertex 1.7189943e+01 2.0129633e+01 -7.2500002e-01
		endloop 
	endfacet 
	facet normal 9.8016605e-02 -9.9518472e-01 0.0000000e+00
		outer loop
			vertex 1.7677670e+01 2.0177670e+01 -8.1999998e+00
			vertex 1.7677670e+01 2.0177670e+01 -7.2500002e-01
			vertex 1.7189943e+01 2.0129633e+01 -7.2500002e-01
		endloop 
	endfacet 
	facet normal -1.9508694e-01 -9.8076487e-01 6.4262780e-03
		outer loop
			vertex 1.7677670e+01 2.0177670e+01 -8.1999998e+00
			vertex 1.8634378e+01 1.9987368e+01 -8.1999998e+00
			vertex 1.8165396e+01 2.0129633e+01 -7.2500002e-01
		endloop 
	endfacet 
	facet normal -2.9028651e-01 -9.5693976e-01 0.0000000e+00
		outer loop
			vertex 1.8634378e+01 1.9987368e+01 -8.1999998e+00
			vertex 1.8634378e+01 1.9987368e+01 -7.2500002e-01
			vertex 1.8165396e+01 2.0129633e+01 -7.2500002e-01
		endloop 
	endfacet 
	facet normal -5.5555838e-01 -8.3145267e-01 6.4262534e-03
		outer loop
			vertex 1.8634378e+01 1.9987368e+01 -8.1999998e+00
			vertex 1.9445436e+01 1.9445436e+01 -8.1999998e+00
			vertex 1.9066595e+01 1.9756344e+01 -7.2500002e-01
		endloop 
	endfacet 
	facet normal -6.3439363e-01 -7.7301019e-01 0.0000000e+00
		outer loop
			vertex 1.9445436e+01 1.9445436e+01 -8.1999998e+00
			vertex 1.9445436e+01 1.9445436e+01 -7.2500002e-01
			vertex 1.9066595e+01 1.9756344e+01 -7.2500002e-01
		endloop 
	endfacet 
	facet normal -8.3145267e-01 -5.5555838e-01 6.4262515e-03
		outer loop
			vertex 1.9445436e+01 1.9445436e+01 -8.1999998e+00
			vertex 1.9987368e+01 1.8634378e+01 -8.1999998e+00
			vertex 1.9756344e+01 1.9066595e+01 -7.2500002e-01
		endloop 
	endfacet 
	facet normal -8.8192195e-01 -4.7139543e-01 0.0000000e+00
		outer loop
			vertex 1.9987368e+01 1.8634378e+01 -8.1999998e+00
			vertex 1.9987368e+01 1.8634378e+01 -7.2500002e-01
			vertex 1.9756344e+01 1.9066595e+01 -7.2500002e-01
		endloop 
	endfacet 
	facet normal -9.8076487e-01 -1.9508694e-01 6.4262785e-03
		outer loop
			vertex 1.9987368e+01 1.8634378e+01 -8.1999998e+00
			vertex 2.0177670e+01 1.7677670e+01 -8.1999998e+00
			vertex 2.0129633e+01 1.8165396e+01 -7.2500002e-01
		endloop 
	endfacet 
	facet normal -9.9518472e-01 -9.8016605e-02 0.0000000e+00
		outer loop
			vertex 2.0177670e+01 1.7677670e+01 -8.1999998e+00
			vertex 2.0177670e+01 1.7677670e+01 -7.2500002e-01
			vertex 2.0129633e+01 1.8165396e+01 -7.2500002e-01
		endloop 
	endfacet 
	facet normal -9.5693976e-01 -2.9028651e-01 0.0000000e+00
		outer loop
			vertex 2.0129633e+01 1.8165396e+01 -7.2500002e-01
			vertex 1.9987368e+01 1.8634378e+01 -7.2500002e-01
			vertex 1.9987368e+01 1.8634378e+01 -8.1999998e+00
		endloop 
	endfacet 
	facet normal -7.7301019e-01 -6.3439363e-01 0.0000000e+00
		outer loop
			vertex 1.9756344e+01 1.9066595e+01 -7.2500002e-01
			vertex 1.9445436e+01 1.9445436e+01 -7.2500002e-01
			vertex 1.9445436e+01 1.9445436e+01 -8.1999998e+00
		endloop 
	endfacet 
	facet normal -4.7139543e-01 -8.8192195e-01 0.0000000e+00
		outer loop
			vertex 1.9066595e+01 1.9756344e+01 -7.2500002e-01
			vertex 1.8634378e+01 1.9987368e+01 -7.2500002e-01
			vertex 1.8634378e+01 1.9987368e+01 -8.1999998e+00
		endloop 
	endfacet 
	facet normal -9.8016605e-02 -9.9518472e-01 0.0000000e+00
		outer loop
			vertex 1.8165396e+01 2.0129633e+01 -7.2500002e-01
			vertex 1.7677670e+01 2.0177670e+01 -7.2500002e-01
			vertex 1.7677670e+01 2.0177670e+01 -8.1999998e+00
		endloop 
	endfacet 
	facet normal 2.9028651e-01 -9.5693976e-01 0.0000000e+00
		outer loop
			vertex 1.7189943e+01 2.0129633e+01 -7.2500002e-01
			vertex 1.6720961e+01 1.9987368e+01 -7.2500002e-01
			vertex 1.6720961e+01 1.9987368e+01 -8.1999998e+00
		endloop 
	endfacet 
	facet normal 6.3439363e-01 -7.7301019e-01 0.0000000e+00
		outer loop
			vertex 1.6288744e+01 1.9756344e+01 -7.2500002e-01
			vertex 1.5909903e+01 1.9445436e+01 -7.2500002e-01
			vertex 1.5909903e+01 1.9445436e+01 -8.1999998e+00
		endloop 
	endfacet 
	facet normal 8.8192117e-01 -4.7139695e-01 0.0000000e+00
		outer loop
			vertex 1.5598995e+01 1.9066595e+01 -7.2500002e-01
			vertex 1.5367970e+01 1.8634378e+01 -7.2500002e-01
			vertex 1.5367970e+01 1.8634378e+01 -8.1999998e+00
		endloop 
	endfacet 
	facet normal 9.9518472e-01 -9.8016605e-02 0.0000000e+00
		outer loop
			vertex 1.5225706e+01 1.8165396e+01 -7.2500002e-01
			vertex 1.5177670e+01 1.7677670e+01 -7.2500002e-01
			vertex 1.5177670e+01 1.7677670e+01 -8.1999998e+00
		endloop 
	endfacet 
	facet normal -9.8076487e-01 1.9508694e-01 6.4262780e-03
		outer loop
			vertex 2.0177670e+01 1.7677670e+01 -8.1999998e+00
			vertex 1.9987368e+01 1.6720961e+01 -8.1999998e+00
			vertex 2.0129633e+01 1.7189943e+01 -7.2500002e-01
		endloop 
	endfacet 
	facet normal -9.5693976e-01 2.9028651e-01 0.0000000e+00
		outer loop
			vertex 1.9987368e+01 1.6720961e+01 -8.1999998e+00
			vertex 1.9987368e+01 1.6720961e+01 -7.2500002e-01
			vertex 2.0129633e+01 1.7189943e+01 -7.2500002e-01
		endloop 
	endfacet 
	facet normal -8.3145267e-01 5.5555838e-01 6.4262534e-03
		outer loop
			vertex 1.9987368e+01 1.6720961e+01 -8.1999998e+00
			vertex 1.9445436e+01 1.5909903e+01 -8.1999998e+00
			vertex 1.9756344e+01 1.6288744e+01 -7.2500002e-01
		endloop 
	endfacet 
	facet normal -7.7301019e-01 6.3439363e-01 0.0000000e+00
		outer loop
			vertex 1.9445436e+01 1.5909903e+01 -8.1999998e+00
			vertex 1.9445436e+01 1.5909903e+01 -7.2500002e-01
			vertex 1.9756344e+01 1.6288744e+01 -7.2500002e-01
		endloop 
	endfacet 
	facet normal -5.5555904e-01 8.3145219e-01 6.4261989e-03
		outer loop
			vertex 1.9445436e+01 1.5909903e+01 -8.1999998e+00
			vertex 1.8634378e+01 1.5367970e+01 -8.1999998e+00
			vertex 1.9066595e+01 1.5598995e+01 -7.2500002e-01
		endloop 
	endfacet 
	facet normal -4.7139695e-01 8.8192117e-01 0.0000000e+00
		outer loop
			vertex 1.8634378e+01 1.5367970e+01 -8.1999998e+00
			vertex 1.8634378e+01 1.5367970e+01 -7.2500002e-01
			vertex 1.9066595e+01 1.5598995e+01 -7.2500002e-01
		endloop 
	endfacet 
	facet normal -1.9508600e-01 9.8076510e-01 6.4262156e-03
		outer loop
			vertex 1.8634378e+01 1.5367970e+01 -8.1999998e+00
			vertex 1.7677670e+01 1.5177670e+01 -8.1999998e+00
			vertex 1.8165396e+01 1.5225706e+01 -7.2500002e-01
		endloop 
	endfacet 
	facet normal -9.8016605e-02 9.9518472e-01 0.0000000e+00
		outer loop
			vertex 1.7677670e+01 1.5177670e+01 -8.1999998e+00
			vertex 1.7677670e+01 1.5177670e+01 -7.2500002e-01
			vertex 1.8165396e+01 1.5225706e+01 -7.2500002e-01
		endloop 
	endfacet 
	facet normal 1.9508600e-01 9.8076510e-01 6.4262161e-03
		outer loop
			vertex 1.7677670e+01 1.5177670e+01 -8.1999998e+00
			vertex 1.6720961e+01 1.5367970e+01 -8.1999998e+00
			vertex 1.7189943e+01 1.5225706e+01 -7.2500002e-01
		endloop 
	endfacet 
	facet normal 2.9028472e-01 9.5694029e-01 -0.0000000e+00
		outer loop
			vertex 1.6720961e+01 1.5367970e+01 -8.1999998e+00
			vertex 1.6720961e+01 1.5367970e+01 -7.2500002e-01
			vertex 1.7189943e+01 1.5225706e+01 -7.2500002e-01
		endloop 
	endfacet 
	facet normal 5.5555904e-01 8.3145219e-01 6.4262012e-03
		outer loop
			vertex 1.6720961e+01 1.5367970e+01 -8.1999998e+00
			vertex 1.5909903e+01 1.5909903e+01 -8.1999998e+00
			vertex 1.6288744e+01 1.5598995e+01 -7.2500002e-01
		endloop 
	endfacet 
	facet normal 6.3439363e-01 7.7301019e-01 -0.0000000e+00
		outer loop
			vertex 1.5909903e+01 1.5909903e+01 -8.1999998e+00
			vertex 1.5909903e+01 1.5909903e+01 -7.2500002e-01
			vertex 1.6288744e+01 1.5598995e+01 -7.2500002e-01
		endloop 
	endfacet 
	facet normal 8.8192117e-01 4.7139695e-01 -0.0000000e+00
		outer loop
			vertex 1.5367970e+01 1.6720961e+01 -8.1999998e+00
			vertex 1.5367970e+01 1.6720961e+01 -7.2500002e-01
			vertex 1.5598995e+01 1.6288744e+01 -7.2500002e-01
		endloop 
	endfacet 
	facet normal 8.3145219e-01 5.5555904e-01 6.4261998e-03
		outer loop
			vertex 1.5598995e+01 1.6288744e+01 -7.2500002e-01
			vertex 1.5909903e+01 1.5909903e+01 -8.1999998e+00
			vertex 1.5367970e+01 1.6720961e+01 -8.1999998e+00
		endloop 
	endfacet 
	facet normal 9.8076510e-01 1.9508600e-01 6.4262156e-03
		outer loop
			vertex 1.5367970e+01 1.6720961e+01 -8.1999998e+00
			vertex 1.5177670e+01 1.7677670e+01 -8.1999998e+00
			vertex 1.5225706e+01 1.7189943e+01 -7.2500002e-01
		endloop 
	endfacet 
	facet normal 9.9518472e-01 9.8016605e-02 -0.0000000e+00
		outer loop
			vertex 1.5177670e+01 1.7677670e+01 -8.1999998e+00
			vertex 1.5177670e+01 1.7677670e+01 -7.2500002e-01
			vertex 1.5225706e+01 1.7189943e+01 -7.2500002e-01
		endloop 
	endfacet 
	facet normal 9.5694029e-01 2.9028472e-01 0.0000000e+00
		outer loop
			vertex 1.5225706e+01 1.7189943e+01 -7.2500002e-01
			vertex 1.5367970e+01 1.6720961e+01 -7.2500002e-01
			vertex 1.5367970e+01 1.6720961e+01 -8.1999998e+00
		endloop 
	endfacet 
	facet normal 7.7301019e-01 6.3439363e-01 0.0000000e+00
		outer loop
			vertex 1.5598995e+01 1.6288744e+01 -7.2500002e-01
			vertex 1.5909903e+01 1.5909903e+01 -7.2500002e-01
			vertex 1.5909903e+01 1.5909903e+01 -8.1999998e+00
		endloop 
	endfacet 
	facet normal 4.7139695e-01 8.8192117e-01 0.0000000e+00
		outer loop
			vertex 1.6288744e+01 1.5598995e+01 -7.2500002e-01
			vertex 1.6720961e+01 1.5367970e+01 -7.2500002e-01
			vertex 1.6720961e+01 1.5367970e+01 -8.1999998e+00
		endloop 
	endfacet 
	facet normal 9.8016605e-02 9.9518472e-01 0.0000000e+00
		outer loop
			vertex 1.7189943e+01 1.5225706e+01 -7.2500002e-01
			vertex 1.7677670e+01 1.5177670e+01 -7.2500002e-01
			vertex 1.7677670e+01 1.5177670e+01 -8.1999998e+00
		endloop 
	endfacet 
	facet normal -2.9028472e-01 9.5694029e-01 0.0000000e+00
		outer loop
			vertex 1.8165396e+01 1.5225706e+01 -7.2500002e-01
			vertex 1.8634378e+01 1.5367970e+01 -7.2500002e-01
			vertex 1.8634378e+01 1.5367970e+01 -8.1999998e+00
		endloop 
	endfacet 
	facet normal -6.3439363e-01 7.7301019e-01 0.0000000e+00
		outer loop
			vertex 1.9066595e+01 1.5598995e+01 -7.2500002e-01
			vertex 1.9445436e+01 1.5909903e+01 -7.2500002e-01
			vertex 1.9445436e+01 1.5909903e+01 -8.1999998e+00
		endloop 
	endfacet 
	facet normal -8.8192195e-01 4.7139543e-01 0.0000000e+00
		outer loop
			vertex 1.9756344e+01 1.6288744e+01 -7.2500002e-01
			vertex 1.9987368e+01 1.6720961e+01 -7.2500002e-01
			vertex 1.9987368e+01 1.6720961e+01 -8.1999998e+00
		endloop 
	endfacet 
	facet normal -9.9518472e-01 9.8016605e-02 0.0000000e+00
		outer loop
			vertex 2.0129633e+01 1.7189943e+01 -7.2500002e-01
			vertex 2.0177670e+01 1.7677670e+01 -7.2500002e-01
			vertex 2.0177670e+01 1.7677670e+01 -8.1999998e+00
		endloop 
	endfacet 
	facet normal -7.0539856e-01 -6.9475628e-02 7.0539767e-01
		outer loop
			vertex 2.0702669e+01 1.7677670e+01 -2.0000000e-01
			vertex 2.0644545e+01 1.8267818e+01 -2.0000000e-01
			vertex 2.0129633e+01 1.8165396e+01 -7.2500002e-01
		endloop 
	endfacet 
	facet normal -6.7828995e-01 -2.0575747e-01 7.0539820e-01
		outer loop
			vertex 2.0644545e+01 1.8267818e+01 -2.0000000e-01
			vertex 2.0472404e+01 1.8835287e+01 -2.0000000e-01
			vertex 1.9987368e+01 1.8634378e+01 -7.2500002e-01
		endloop 
	endfacet 
	facet normal -6.2511611e-01 -3.3413106e-01 7.0539784e-01
		outer loop
			vertex 2.0472404e+01 1.8835287e+01 -2.0000000e-01
			vertex 2.0192865e+01 1.9358269e+01 -2.0000000e-01
			vertex 1.9756344e+01 1.9066595e+01 -7.2500002e-01
		endloop 
	endfacet 
	facet normal -5.4791880e-01 -4.4966486e-01 7.0539820e-01
		outer loop
			vertex 2.0192865e+01 1.9358269e+01 -2.0000000e-01
			vertex 1.9816668e+01 1.9816668e+01 -2.0000000e-01
			vertex 1.9445436e+01 1.9445436e+01 -7.2500002e-01
		endloop 
	endfacet 
	facet normal -4.4966501e-01 -5.4791898e-01 7.0539778e-01
		outer loop
			vertex 1.9816668e+01 1.9816668e+01 -2.0000000e-01
			vertex 1.9358269e+01 2.0192865e+01 -2.0000000e-01
			vertex 1.9066595e+01 1.9756344e+01 -7.2500002e-01
		endloop 
	endfacet 
	facet normal -3.3413091e-01 -6.2511587e-01 7.0539814e-01
		outer loop
			vertex 1.9358269e+01 2.0192865e+01 -2.0000000e-01
			vertex 1.8835287e+01 2.0472404e+01 -2.0000000e-01
			vertex 1.8634378e+01 1.9987368e+01 -7.2500002e-01
		endloop 
	endfacet 
	facet normal -2.0575760e-01 -6.7829037e-01 7.0539778e-01
		outer loop
			vertex 1.8835287e+01 2.0472404e+01 -2.0000000e-01
			vertex 1.8267818e+01 2.0644545e+01 -2.0000000e-01
			vertex 1.8165396e+01 2.0129633e+01 -7.2500002e-01
		endloop 
	endfacet 
	facet normal -6.9475614e-02 -7.0539838e-01 7.0539784e-01
		outer loop
			vertex 1.8267818e+01 2.0644545e+01 -2.0000000e-01
			vertex 1.7677670e+01 2.0702669e+01 -2.0000000e-01
			vertex 1.7677670e+01 2.0177670e+01 -7.2500002e-01
		endloop 
	endfacet 
	facet normal 6.9475628e-02 -7.0539856e-01 7.0539767e-01
		outer loop
			vertex 1.7677670e+01 2.0702669e+01 -2.0000000e-01
			vertex 1.7087521e+01 2.0644545e+01 -2.0000000e-01
			vertex 1.7189943e+01 2.0129633e+01 -7.2500002e-01
		endloop 
	endfacet 
	facet normal 2.0575747e-01 -6.7828995e-01 7.0539820e-01
		outer loop
			vertex 1.7087521e+01 2.0644545e+01 -2.0000000e-01
			vertex 1.6520052e+01 2.0472404e+01 -2.0000000e-01
			vertex 1.6720961e+01 1.9987368e+01 -7.2500002e-01
		endloop 
	endfacet 
	facet normal 3.3413047e-01 -6.2511617e-01 7.0539814e-01
		outer loop
			vertex 1.6520052e+01 2.0472404e+01 -2.0000000e-01
			vertex 1.5997069e+01 2.0192865e+01 -2.0000000e-01
			vertex 1.6288744e+01 1.9756344e+01 -7.2500002e-01
		endloop 
	endfacet 
	facet normal 4.4966540e-01 -5.4791826e-01 7.0539820e-01
		outer loop
			vertex 1.5997069e+01 2.0192865e+01 -2.0000000e-01
			vertex 1.5538671e+01 1.9816668e+01 -2.0000000e-01
			vertex 1.5909903e+01 1.9445436e+01 -7.2500002e-01
		endloop 
	endfacet 
	facet normal 5.4791898e-01 -4.4966501e-01 7.0539778e-01
		outer loop
			vertex 1.5538671e+01 1.9816668e+01 -2.0000000e-01
			vertex 1.5162474e+01 1.9358269e+01 -2.0000000e-01
			vertex 1.5598995e+01 1.9066595e+01 -7.2500002e-01
		endloop 
	endfacet 
	facet normal 6.2511545e-01 -3.3413187e-01 7.0539814e-01
		outer loop
			vertex 1.5162474e+01 1.9358269e+01 -2.0000000e-01
			vertex 1.4882934e+01 1.8835287e+01 -2.0000000e-01
			vertex 1.5367970e+01 1.8634378e+01 -7.2500002e-01
		endloop 
	endfacet 
	facet normal 6.7829061e-01 -2.0575653e-01 7.0539778e-01
		outer loop
			vertex 1.4882934e+01 1.8835287e+01 -2.0000000e-01
			vertex 1.4710794e+01 1.8267818e+01 -2.0000000e-01
			vertex 1.5225706e+01 1.8165396e+01 -7.2500002e-01
		endloop 
	endfacet 
	facet normal 7.0539838e-01 -6.9475614e-02 7.0539784e-01
		outer loop
			vertex 1.4710794e+01 1.8267818e+01 -2.0000000e-01
			vertex 1.4652670e+01 1.7677670e+01 -2.0000000e-01
			vertex 1.5177670e+01 1.7677670e+01 -7.2500002e-01
		endloop 
	endfacet 
	facet normal 7.0539862e-01 -6.9475323e-02 7.0539773e-01
		outer loop
			vertex 1.5177670e+01 1.7677670e+01 -7.2500002e-01
			vertex 1.5225706e+01 1.8165396e+01 -7.2500002e-01
			vertex 1.4710794e+01 1.8267818e+01 -2.0000000e-01
		endloop 
	endfacet 
	facet normal 6.7829013e-01 -2.0575710e-01 7.0539820e-01
		outer loop
			vertex 1.5225706e+01 1.8165396e+01 -7.2500002e-01
			vertex 1.5367970e+01 1.8634378e+01 -7.2500002e-01
			vertex 1.4882934e+01 1.8835287e+01 -2.0000000e-01
		endloop 
	endfacet 
	facet normal 6.2511587e-01 -3.3413160e-01 7.0539790e-01
		outer loop
			vertex 1.5367970e+01 1.8634378e+01 -7.2500002e-01
			vertex 1.5598995e+01 1.9066595e+01 -7.2500002e-01
			vertex 1.5162474e+01 1.9358269e+01 -2.0000000e-01
		endloop 
	endfacet 
	facet normal 5.4791832e-01 -4.4966534e-01 7.0539820e-01
		outer loop
			vertex 1.5598995e+01 1.9066595e+01 -7.2500002e-01
			vertex 1.5909903e+01 1.9445436e+01 -7.2500002e-01
			vertex 1.5538671e+01 1.9816668e+01 -2.0000000e-01
		endloop 
	endfacet 
	facet normal 4.4966531e-01 -5.4791826e-01 7.0539820e-01
		outer loop
			vertex 1.5909903e+01 1.9445436e+01 -7.2500002e-01
			vertex 1.6288744e+01 1.9756344e+01 -7.2500002e-01
			vertex 1.5997069e+01 2.0192865e+01 -2.0000000e-01
		endloop 
	endfacet 
	facet normal 3.3413041e-01 -6.2511623e-01 7.0539826e-01
		outer loop
			vertex 1.6288744e+01 1.9756344e+01 -7.2500002e-01
			vertex 1.6720961e+01 1.9987368e+01 -7.2500002e-01
			vertex 1.6520052e+01 2.0472404e+01 -2.0000000e-01
		endloop 
	endfacet 
	facet normal 2.0575848e-01 -6.7829019e-01 7.0539773e-01
		outer loop
			vertex 1.6720961e+01 1.9987368e+01 -7.2500002e-01
			vertex 1.7189943e+01 2.0129633e+01 -7.2500002e-01
			vertex 1.7087521e+01 2.0644545e+01 -2.0000000e-01
		endloop 
	endfacet 
	facet normal 6.9475301e-02 -7.0539844e-01 7.0539784e-01
		outer loop
			vertex 1.7189943e+01 2.0129633e+01 -7.2500002e-01
			vertex 1.7677670e+01 2.0177670e+01 -7.2500002e-01
			vertex 1.7677670e+01 2.0702669e+01 -2.0000000e-01
		endloop 
	endfacet 
	facet normal -6.9475323e-02 -7.0539862e-01 7.0539773e-01
		outer loop
			vertex 1.7677670e+01 2.0177670e+01 -7.2500002e-01
			vertex 1.8165396e+01 2.0129633e+01 -7.2500002e-01
			vertex 1.8267818e+01 2.0644545e+01 -2.0000000e-01
		endloop 
	endfacet 
	facet normal -2.0575832e-01 -6.7828965e-01 7.0539820e-01
		outer loop
			vertex 1.8165396e+01 2.0129633e+01 -7.2500002e-01
			vertex 1.8634378e+01 1.9987368e+01 -7.2500002e-01
			vertex 1.8835287e+01 2.0472404e+01 -2.0000000e-01
		endloop 
	endfacet 
	facet normal -3.3413056e-01 -6.2511653e-01 7.0539784e-01
		outer loop
			vertex 1.8634378e+01 1.9987368e+01 -7.2500002e-01
			vertex 1.9066595e+01 1.9756344e+01 -7.2500002e-01
			vertex 1.9358269e+01 2.0192865e+01 -2.0000000e-01
		endloop 
	endfacet 
	facet normal -4.4966534e-01 -5.4791832e-01 7.0539820e-01
		outer loop
			vertex 1.9066595e+01 1.9756344e+01 -7.2500002e-01
			vertex 1.9445436e+01 1.9445436e+01 -7.2500002e-01
			vertex 1.9816668e+01 1.9816668e+01 -2.0000000e-01
		endloop 
	endfacet 
	facet normal -5.4791862e-01 -4.4966558e-01 7.0539784e-01
		outer loop
			vertex 1.9445436e+01 1.9445436e+01 -7.2500002e-01
			vertex 1.9756344e+01 1.9066595e+01 -7.2500002e-01
			vertex 2.0192865e+01 1.9358269e+01 -2.0000000e-01
		endloop 
	endfacet 
	facet normal -6.2511623e-01 -3.3413041e-01 7.0539826e-01
		outer loop
			vertex 1.9756344e+01 1.9066595e+01 -7.2500002e-01
			vertex 1.9987368e+01 1.8634378e+01 -7.2500002e-01
			vertex 2.0472404e+01 1.8835287e+01 -2.0000000e-01
		endloop 
	endfacet 
	facet normal -6.7829019e-01 -2.0575848e-01 7.0539773e-01
		outer loop
			vertex 1.9987368e+01 1.8634378e+01 -7.2500002e-01
			vertex 2.0129633e+01 1.8165396e+01 -7.2500002e-01
			vertex 2.0644545e+01 1.8267818e+01 -2.0000000e-01
		endloop 
	endfacet 
	facet normal -7.0539844e-01 -6.9475301e-02 7.0539784e-01
		outer loop
			vertex 2.0129633e+01 1.8165396e+01 -7.2500002e-01
			vertex 2.0177670e+01 1.7677670e+01 -7.2500002e-01
			vertex 2.0702669e+01 1.7677670e+01 -2.0000000e-01
		endloop 
	endfacet 
	facet normal 7.0539856e-01 6.9475628e-02 7.0539767e-01
		outer loop
			vertex 1.4652670e+01 1.7677670e+01 -2.0000000e-01
			vertex 1.4710794e+01 1.7087521e+01 -2.0000000e-01
			vertex 1.5225706e+01 1.7189943e+01 -7.2500002e-01
		endloop 
	endfacet 
	facet normal 6.7829037e-01 2.0575646e-01 7.0539820e-01
		outer loop
			vertex 1.4710794e+01 1.7087521e+01 -2.0000000e-01
			vertex 1.4882934e+01 1.6520052e+01 -2.0000000e-01
			vertex 1.5367970e+01 1.6720961e+01 -7.2500002e-01
		endloop 
	endfacet 
	facet normal 6.2511563e-01 3.3413133e-01 7.0539826e-01
		outer loop
			vertex 1.4882934e+01 1.6520052e+01 -2.0000000e-01
			vertex 1.5162474e+01 1.5997069e+01 -2.0000000e-01
			vertex 1.5598995e+01 1.6288744e+01 -7.2500002e-01
		endloop 
	endfacet 
	facet normal 5.4791826e-01 4.4966540e-01 7.0539820e-01
		outer loop
			vertex 1.5162474e+01 1.5997069e+01 -2.0000000e-01
			vertex 1.5538671e+01 1.5538671e+01 -2.0000000e-01
			vertex 1.5909903e+01 1.5909903e+01 -7.2500002e-01
		endloop 
	endfacet 
	facet normal 4.4966540e-01 5.4791826e-01 7.0539826e-01
		outer loop
			vertex 1.5538671e+01 1.5538671e+01 -2.0000000e-01
			vertex 1.5997069e+01 1.5162474e+01 -2.0000000e-01
			vertex 1.6288744e+01 1.5598995e+01 -7.2500002e-01
		endloop 
	endfacet 
	facet normal 3.3413136e-01 6.2511569e-01 7.0539820e-01
		outer loop
			vertex 1.5997069e+01 1.5162474e+01 -2.0000000e-01
			vertex 1.6520052e+01 1.4882934e+01 -2.0000000e-01
			vertex 1.6720961e+01 1.5367970e+01 -7.2500002e-01
		endloop 
	endfacet 
	facet normal 2.0575653e-01 6.7829061e-01 7.0539778e-01
		outer loop
			vertex 1.6520052e+01 1.4882934e+01 -2.0000000e-01
			vertex 1.7087521e+01 1.4710794e+01 -2.0000000e-01
			vertex 1.7189943e+01 1.5225706e+01 -7.2500002e-01
		endloop 
	endfacet 
	facet normal 6.9475614e-02 7.0539838e-01 7.0539784e-01
		outer loop
			vertex 1.7087521e+01 1.4710794e+01 -2.0000000e-01
			vertex 1.7677670e+01 1.4652670e+01 -2.0000000e-01
			vertex 1.7677670e+01 1.5177670e+01 -7.2500002e-01
		endloop 
	endfacet 
	facet normal -6.9475628e-02 7.0539856e-01 7.0539767e-01
		outer loop
			vertex 1.7677670e+01 1.4652670e+01 -2.0000000e-01
			vertex 1.8267818e+01 1.4710794e+01 -2.0000000e-01
			vertex 1.8165396e+01 1.5225706e+01 -7.2500002e-01
		endloop 
	endfacet 
	facet normal -2.0575646e-01 6.7829037e-01 7.0539820e-01
		outer loop
			vertex 1.8267818e+01 1.4710794e+01 -2.0000000e-01
			vertex 1.8835287e+01 1.4882934e+01 -2.0000000e-01
			vertex 1.8634378e+01 1.5367970e+01 -7.2500002e-01
		endloop 
	endfacet 
	facet normal -3.3413196e-01 6.2511569e-01 7.0539796e-01
		outer loop
			vertex 1.8835287e+01 1.4882934e+01 -2.0000000e-01
			vertex 1.9358269e+01 1.5162474e+01 -2.0000000e-01
			vertex 1.9066595e+01 1.5598995e+01 -7.2500002e-01
		endloop 
	endfacet 
	facet normal -4.4966486e-01 5.4791880e-01 7.0539820e-01
		outer loop
			vertex 1.9358269e+01 1.5162474e+01 -2.0000000e-01
			vertex 1.9816668e+01 1.5538671e+01 -2.0000000e-01
			vertex 1.9445436e+01 1.5909903e+01 -7.2500002e-01
		endloop 
	endfacet 
	facet normal -5.4791826e-01 4.4966540e-01 7.0539826e-01
		outer loop
			vertex 1.9816668e+01 1.5538671e+01 -2.0000000e-01
			vertex 2.0192865e+01 1.5997069e+01 -2.0000000e-01
			vertex 1.9756344e+01 1.6288744e+01 -7.2500002e-01
		endloop 
	endfacet 
	facet normal -6.2511617e-01 3.3413047e-01 7.0539820e-01
		outer loop
			vertex 2.0192865e+01 1.5997069e+01 -2.0000000e-01
			vertex 2.0472404e+01 1.6520052e+01 -2.0000000e-01
			vertex 1.9987368e+01 1.6720961e+01 -7.2500002e-01
		endloop 
	endfacet 
	facet normal -6.7829037e-01 2.0575760e-01 7.0539778e-01
		outer loop
			vertex 2.0472404e+01 1.6520052e+01 -2.0000000e-01
			vertex 2.0644545e+01 1.7087521e+01 -2.0000000e-01
			vertex 2.0129633e+01 1.7189943e+01 -7.2500002e-01
		endloop 
	endfacet 
	facet normal -7.0539838e-01 6.9475614e-02 7.0539784e-01
		outer loop
			vertex 2.0644545e+01 1.7087521e+01 -2.0000000e-01
			vertex 2.0702669e+01 1.7677670e+01 -2.0000000e-01
			vertex 2.0177670e+01 1.7677670e+01 -7.2500002e-01
		endloop 
	endfacet 
	facet normal -7.0539862e-01 6.9475323e-02 7.0539773e-01
		outer loop
			vertex 2.0177670e+01 1.7677670e+01 -7.2500002e-01
			vertex 2.0129633e+01 1.7189943e+01 -7.2500002e-01
			vertex 2.0644545e+01 1.7087521e+01 -2.0000000e-01
		endloop 
	endfacet 
	facet normal -6.7828965e-01 2.0575832e-01 7.0539820e-01
		outer loop
			vertex 2.0129633e+01 1.7189943e+01 -7.2500002e-01
			vertex 1.9987368e+01 1.6720961e+01 -7.2500002e-01
			vertex 2.0472404e+01 1.6520052e+01 -2.0000000e-01
		endloop 
	endfacet 
	facet normal -6.2511623e-01 3.3413041e-01 7.0539820e-01
		outer loop
			vertex 1.9987368e+01 1.6720961e+01 -7.2500002e-01
			vertex 1.9756344e+01 1.6288744e+01 -7.2500002e-01
			vertex 2.0192865e+01 1.5997069e+01 -2.0000000e-01
		endloop 
	endfacet 
	facet normal -5.4791832e-01 4.4966534e-01 7.0539820e-01
		outer loop
			vertex 1.9756344e+01 1.6288744e+01 -7.2500002e-01
			vertex 1.9445436e+01 1.5909903e+01 -7.2500002e-01
			vertex 1.9816668e+01 1.5538671e+01 -2.0000000e-01
		endloop 
	endfacet 
	facet normal -4.4966558e-01 5.4791862e-01 7.0539784e-01
		outer loop
			vertex 1.9445436e+01 1.5909903e+01 -7.2500002e-01
			vertex 1.9066595e+01 1.5598995e+01 -7.2500002e-01
			vertex 1.9358269e+01 1.5162474e+01 -2.0000000e-01
		endloop 
	endfacet 
	facet normal -3.3413148e-01 6.2511563e-01 7.0539820e-01
		outer loop
			vertex 1.9066595e+01 1.5598995e+01 -7.2500002e-01
			vertex 1.8634378e+01 1.5367970e+01 -7.2500002e-01
			vertex 1.8835287e+01 1.4882934e+01 -2.0000000e-01
		endloop 
	endfacet 
	facet normal -2.0575720e-01 6.7829049e-01 7.0539778e-01
		outer loop
			vertex 1.8634378e+01 1.5367970e+01 -7.2500002e-01
			vertex 1.8165396e+01 1.5225706e+01 -7.2500002e-01
			vertex 1.8267818e+01 1.4710794e+01 -2.0000000e-01
		endloop 
	endfacet 
	facet normal -6.9475301e-02 7.0539844e-01 7.0539784e-01
		outer loop
			vertex 1.8165396e+01 1.5225706e+01 -7.2500002e-01
			vertex 1.7677670e+01 1.5177670e+01 -7.2500002e-01
			vertex 1.7677670e+01 1.4652670e+01 -2.0000000e-01
		endloop 
	endfacet 
	facet normal 6.9475323e-02 7.0539862e-01 7.0539773e-01
		outer loop
			vertex 1.7677670e+01 1.5177670e+01 -7.2500002e-01
			vertex 1.7189943e+01 1.5225706e+01 -7.2500002e-01
			vertex 1.7087521e+01 1.4710794e+01 -2.0000000e-01
		endloop 
	endfacet 
	facet normal 2.0575710e-01 6.7829013e-01 7.0539820e-01
		outer loop
			vertex 1.7189943e+01 1.5225706e+01 -7.2500002e-01
			vertex 1.6720961e+01 1.5367970e+01 -7.2500002e-01
			vertex 1.6520052e+01 1.4882934e+01 -2.0000000e-01
		endloop 
	endfacet 
	facet normal 3.3413145e-01 6.2511557e-01 7.0539820e-01
		outer loop
			vertex 1.6720961e+01 1.5367970e+01 -7.2500002e-01
			vertex 1.6288744e+01 1.5598995e+01 -7.2500002e-01
			vertex 1.5997069e+01 1.5162474e+01 -2.0000000e-01
		endloop 
	endfacet 
	facet normal 4.4966534e-01 5.4791832e-01 7.0539820e-01
		outer loop
			vertex 1.6288744e+01 1.5598995e+01 -7.2500002e-01
			vertex 1.5909903e+01 1.5909903e+01 -7.2500002e-01
			vertex 1.5538671e+01 1.5538671e+01 -2.0000000e-01
		endloop 
	endfacet 
	facet normal 5.4791826e-01 4.4966531e-01 7.0539820e-01
		outer loop
			vertex 1.5909903e+01 1.5909903e+01 -7.2500002e-01
			vertex 1.5598995e+01 1.6288744e+01 -7.2500002e-01
			vertex 1.5162474e+01 1.5997069e+01 -2.0000000e-01
		endloop 
	endfacet 
	facet normal 6.2511563e-01 3.3413148e-01 7.0539820e-01
		outer loop
			vertex 1.5598995e+01 1.6288744e+01 -7.2500002e-01
			vertex 1.5367970e+01 1.6720961e+01 -7.2500002e-01
			vertex 1.4882934e+01 1.6520052e+01 -2.0000000e-01
		endloop 
	endfacet 
	facet normal 6.7829049e-01 2.0575720e-01 7.0539778e-01
		outer loop
			vertex 1.5367970e+01 1.6720961e+01 -7.2500002e-01
			vertex 1.5225706e+01 1.7189943e+01 -7.2500002e-01
			vertex 1.4710794e+01 1.7087521e+01 -2.0000000e-01
		endloop 
	endfacet 
	facet normal 7.0539844e-01 6.9475301e-02 7.0539784e-01
		outer loop
			vertex 1.5225706e+01 1.7189943e+01 -7.2500002e-01
			vertex 1.5177670e+01 1.7677670e+01 -7.2500002e-01
			vertex 1.4652670e+01 1.7677670e+01 -2.0000000e-01
		endloop 
	endfacet 
	facet normal 0.0000000e+00 -0.0000000e+00 1.0000000e+00
		outer loop
			vertex 1.7677670e+01 1.2977670e+01 -2.0000000e-01
			vertex 1.7677670e+01 1.4652670e+01 -2.0000000e-01
			vertex 1.7087521e+01 1.4710794e+01 -2.0000000e-01
		endloop 
	endfacet 
	facet normal 0.0000000e+00 0.0000000e+00 1.0000000e+00
		outer loop
			vertex 1.7087521e+01 1.4710794e+01 -2.0000000e-01
			vertex 1.6353527e+01 1.3168053e+01 -2.0000000e-01
			vertex 1.7677670e+01 1.2977670e+01 -2.0000000e-01
		endloop 
	endfacet 
	facet normal 0.0000000e+00 0.0000000e+00 1.0000000e+00
		outer loop
			vertex 1.7677670e+01 1.2977670e+01 -2.0000000e-01
			vertex 1.9001812e+01 1.3168053e+01 -2.0000000e-01
			vertex 1.8267818e+01 1.4710794e+01 -2.0000000e-01
		endloop 
	endfacet 
	facet normal 0.0000000e+00 0.0000000e+00 9.9999994e-01
		outer loop
			vertex 2.0218681e+01 2.1631561e+01 -2.0000000e-01
			vertex 1.9358269e+01 2.0192865e+01 -2.0000000e-01
			vertex 1.9816668e+01 1.9816668e+01 -2.0000000e-01
		endloop 
	endfacet 
	facet normal 0.0000000e+00 0.0000000e+00 1.0000000e+00
		outer loop
			vertex 1.3402399e+01 1.5725219e+01 -2.0000000e-01
			vertex 1.4882934e+01 1.6520052e+01 -2.0000000e-01
			vertex 1.4710794e+01 1.7087521e+01 -2.0000000e-01
		endloop 
	endfacet 
	facet normal 0.0000000e+00 0.0000000e+00 1.0000000e+00
		outer loop
			vertex 1.5136658e+01 1.3723778e+01 -2.0000000e-01
			vertex 1.5997069e+01 1.5162474e+01 -2.0000000e-01
			vertex 1.5538671e+01 1.5538671e+01 -2.0000000e-01
		endloop 
	endfacet 
	facet normal -0.0000000e+00 0.0000000e+00 1.0000000e+00
		outer loop
			vertex 1.5136658e+01 1.3723778e+01 -2.0000000e-01
			vertex 1.6353527e+01 1.3168053e+01 -2.0000000e-01
			vertex 1.6520052e+01 1.4882934e+01 -2.0000000e-01
		endloop 
	endfacet 
	facet normal 0.0000000e+00 0.0000000e+00 9.9999994e-01
		outer loop
			vertex 1.8267818e+01 1.4710794e+01 -2.0000000e-01
			vertex 1.7677670e+01 1.4652670e+01 -2.0000000e-01
			vertex 1.7677670e+01 1.2977670e+01 -2.0000000e-01
		endloop 
	endfacet 
	facet normal 0.0000000e+00 0.0000000e+00 1.0000000e+00
		outer loop
			vertex 2.0218681e+01 1.3723778e+01 -2.0000000e-01
			vertex 1.9358269e+01 1.5162474e+01 -2.0000000e-01
			vertex 1.8835287e+01 1.4882934e+01 -2.0000000e-01
		endloop 
	endfacet 
	facet normal 0.0000000e+00 -0.0000000e+00 1.0000000e+00
		outer loop
			vertex 2.0218681e+01 1.3723778e+01 -2.0000000e-01
			vertex 2.1229692e+01 1.4599824e+01 -2.0000000e-01
			vertex 1.9816668e+01 1.5538671e+01 -2.0000000e-01
		endloop 
	endfacet 
	facet normal 0.0000000e+00 0.0000000e+00 1.0000000e+00
		outer loop
			vertex 2.2329830e+01 1.8346550e+01 -2.0000000e-01
			vertex 2.0644545e+01 1.8267818e+01 -2.0000000e-01
			vertex 2.0702669e+01 1.7677670e+01 -2.0000000e-01
		endloop 
	endfacet 
	facet normal 0.0000000e+00 0.0000000e+00 1.0000000e+00
		outer loop
			vertex 2.1952940e+01 1.9630119e+01 -2.0000000e-01
			vertex 2.0472404e+01 1.8835287e+01 -2.0000000e-01
			vertex 2.0644545e+01 1.8267818e+01 -2.0000000e-01
		endloop 
	endfacet 
	facet normal 0.0000000e+00 0.0000000e+00 1.0000000e+00
		outer loop
			vertex 2.1952940e+01 1.9630119e+01 -2.0000000e-01
			vertex 2.1229692e+01 2.0755514e+01 -2.0000000e-01
			vertex 2.0192865e+01 1.9358269e+01 -2.0000000e-01
		endloop 
	endfacet 
	facet normal 0.0000000e+00 0.0000000e+00 1.0000000e+00
		outer loop
			vertex 1.9816668e+01 1.9816668e+01 -2.0000000e-01
			vertex 2.1229692e+01 2.0755514e+01 -2.0000000e-01
			vertex 2.0218681e+01 2.1631561e+01 -2.0000000e-01
		endloop 
	endfacet 
	facet normal 0.0000000e+00 0.0000000e+00 9.9999994e-01
		outer loop
			vertex 1.7677670e+01 2.2377670e+01 -2.0000000e-01
			vertex 1.7677670e+01 2.0702669e+01 -2.0000000e-01
			vertex 1.8267818e+01 2.0644545e+01 -2.0000000e-01
		endloop 
	endfacet 
	facet normal 0.0000000e+00 0.0000000e+00 1.0000000e+00
		outer loop
			vertex 1.7677670e+01 2.2377670e+01 -2.0000000e-01
			vertex 1.6353527e+01 2.2187286e+01 -2.0000000e-01
			vertex 1.7087521e+01 2.0644545e+01 -2.0000000e-01
		endloop 
	endfacet 
	facet normal 0.0000000e+00 0.0000000e+00 1.0000000e+00
		outer loop
			vertex 1.5136658e+01 2.1631561e+01 -2.0000000e-01
			vertex 1.5997069e+01 2.0192865e+01 -2.0000000e-01
			vertex 1.6520052e+01 2.0472404e+01 -2.0000000e-01
		endloop 
	endfacet 
	facet normal 0.0000000e+00 0.0000000e+00 1.0000000e+00
		outer loop
			vertex 1.5136658e+01 2.1631561e+01 -2.0000000e-01
			vertex 1.4125647e+01 2.0755514e+01 -2.0000000e-01
			vertex 1.5538671e+01 1.9816668e+01 -2.0000000e-01
		endloop 
	endfacet 
	facet normal 0.0000000e+00 0.0000000e+00 9.9999994e-01
		outer loop
			vertex 1.3402399e+01 1.9630119e+01 -2.0000000e-01
			vertex 1.4882934e+01 1.8835287e+01 -2.0000000e-01
			vertex 1.5162474e+01 1.9358269e+01 -2.0000000e-01
		endloop 
	endfacet 
	facet normal 0.0000000e+00 0.0000000e+00 1.0000000e+00
		outer loop
			vertex 1.3402399e+01 1.9630119e+01 -2.0000000e-01
			vertex 1.3025509e+01 1.8346550e+01 -2.0000000e-01
			vertex 1.4710794e+01 1.8267818e+01 -2.0000000e-01
		endloop 
	endfacet 
	facet normal 0.0000000e+00 0.0000000e+00 1.0000000e+00
		outer loop
			vertex 1.3025509e+01 1.8346550e+01 -2.0000000e-01
			vertex 1.3025509e+01 1.7008789e+01 -2.0000000e-01
			vertex 1.4652670e+01 1.7677670e+01 -2.0000000e-01
		endloop 
	endfacet 
	facet normal 0.0000000e+00 0.0000000e+00 1.0000000e+00
		outer loop
			vertex 1.4710794e+01 1.7087521e+01 -2.0000000e-01
			vertex 1.3025509e+01 1.7008789e+01 -2.0000000e-01
			vertex 1.3402399e+01 1.5725219e+01 -2.0000000e-01
		endloop 
	endfacet 
	facet normal -0.0000000e+00 0.0000000e+00 1.0000000e+00
		outer loop
			vertex 1.3402399e+01 1.5725219e+01 -2.0000000e-01
			vertex 1.4125647e+01 1.4599824e+01 -2.0000000e-01
			vertex 1.5162474e+01 1.5997069e+01 -2.0000000e-01
		endloop 
	endfacet 
	facet normal 0.0000000e+00 0.0000000e+00 1.0000000e+00
		outer loop
			vertex 1.6520052e+01 1.4882934e+01 -2.0000000e-01
			vertex 1.5997069e+01 1.5162474e+01 -2.0000000e-01
			vertex 1.5136658e+01 1.3723778e+01 -2.0000000e-01
		endloop 
	endfacet 
	facet normal 0.0000000e+00 0.0000000e+00 1.0000000e+00
		outer loop
			vertex 1.9001812e+01 1.3168053e+01 -2.0000000e-01
			vertex 1.8835287e+01 1.4882934e+01 -2.0000000e-01
			vertex 1.8267818e+01 1.4710794e+01 -2.0000000e-01
		endloop 
	endfacet 
	facet normal 0.0000000e+00 0.0000000e+00 9.9999994e-01
		outer loop
			vertex 1.9816668e+01 1.5538671e+01 -2.0000000e-01
			vertex 1.9358269e+01 1.5162474e+01 -2.0000000e-01
			vertex 2.0218681e+01 1.3723778e+01 -2.0000000e-01
		endloop 
	endfacet 
	facet normal 0.0000000e+00 0.0000000e+00 1.0000000e+00
		outer loop
			vertex 2.1952940e+01 1.5725219e+01 -2.0000000e-01
			vertex 2.0472404e+01 1.6520052e+01 -2.0000000e-01
			vertex 2.0192865e+01 1.5997069e+01 -2.0000000e-01
		endloop 
	endfacet 
	facet normal 0.0000000e+00 0.0000000e+00 1.0000000e+00
		outer loop
			vertex 2.0644545e+01 1.8267818e+01 -2.0000000e-01
			vertex 2.2329830e+01 1.8346550e+01 -2.0000000e-01
			vertex 2.1952940e+01 1.9630119e+01 -2.0000000e-01
		endloop 
	endfacet 
	facet normal -0.0000000e+00 0.0000000e+00 1.0000000e+00
		outer loop
			vertex 1.9816668e+01 1.9816668e+01 -2.0000000e-01
			vertex 2.0192865e+01 1.9358269e+01 -2.0000000e-01
			vertex 2.1229692e+01 2.0755514e+01 -2.0000000e-01
		endloop 
	endfacet 
	facet normal 0.0000000e+00 0.0000000e+00 1.0000000e+00
		outer loop
			vertex 2.0218681e+01 2.1631561e+01 -2.0000000e-01
			vertex 1.9001812e+01 2.2187286e+01 -2.0000000e-01
			vertex 1.8835287e+01 2.0472404e+01 -2.0000000e-01
		endloop 
	endfacet 
	facet normal 0.0000000e+00 -0.0000000e+00 1.0000000e+00
		outer loop
			vertex 1.8267818e+01 2.0644545e+01 -2.0000000e-01
			vertex 1.9001812e+01 2.2187286e+01 -2.0000000e-01
			vertex 1.7677670e+01 2.2377670e+01 -2.0000000e-01
		endloop 
	endfacet 
	facet normal 0.0000000e+00 0.0000000e+00 1.0000000e+00
		outer loop
			vertex 1.6353527e+01 2.2187286e+01 -2.0000000e-01
			vertex 1.6520052e+01 2.0472404e+01 -2.0000000e-01
			vertex 1.7087521e+01 2.0644545e+01 -2.0000000e-01
		endloop 
	endfacet 
	facet normal 0.0000000e+00 -0.0000000e+00 9.9999994e-01
		outer loop
			vertex 1.5538671e+01 1.9816668e+01 -2.0000000e-01
			vertex 1.5997069e+01 2.0192865e+01 -2.0000000e-01
			vertex 1.5136658e+01 2.1631561e+01 -2.0000000e-01
		endloop 
	endfacet 
	facet normal 0.0000000e+00 0.0000000e+00 1.0000000e+00
		outer loop
